17861586047
13504360445
15028307719
13147311994
13943599203
18444060585
17685840653
15028419580
15131560124
15708203524
13894684232
18443231283
13766147381
13843537160
15044552753
15081308104
13843665573
17660433509
15734377004
15804362414
15948434368
17660433710
13844581965
15943546983
15943699423
13483074405
13943454828
15028515905
15076431851
15245372141
13024395446
13904458062
15114355950
15944500792
13689773520
15948418945
18804350289
15272020949
13933782981
13513465214


13944540679
15844679824
18444087721
17685848109
15844508612
15098014693



我自己的号码：
13094759963
13289322374